1
0 50 0
1 2 5436 7
1 0 4464 1
1 1 6500 5
1 2 1942 6
1 1 1942 8
1 2 5724 9
1 1 41 1
1 0 153 3
1 0 9169 0
1 1 8467 8
1 0 9961 3
1 2 6827 2
1 0 2995 5
1 1 6962 0
1 0 1478 6
1 2 292 0
1 2 153 2
3 0 1478 2382 1
1 2 491 4
1 1 292 1
1 1 8145 7
1 1 491 3
1 2 4604 1
3 2 5724 7421 1
1 1 4464 2
1 1 9961 7
1 0 8467 2
1 1 6334 0
4 0 7
1 0 3281 1
1 2 8467 8
1 2 5705 8
4 0 8
3 2 1942 8716 1
1 2 3902 6
1 0 2391 9
1 1 9358 8
1 2 4464 5
3 0 9961 9718 1
1 0 292 8
1 0 5436 8
3 2 7421 9895 1
1 1 3281 8
4 2 12
2 1 6962 1
1 2 9718 1
1 0 6334 8
1 1 7421 3
1 0 8145 2