5 100
13
100 3 434 421 313 314
300 3 4
200 342 343 213 314 1
300 1 5
300 2 3
200 434 314 421 342 1
300 3 8
200 112 223 121 333 0
300 3 8
200 134 313 434 424 1
300 4 11
200 134 324 432 123 1
300 4 10
51
100 4 2421 2141 2131 2311
200 2321 3241 2141 2241 1
300 3 3
300 2 8
300 1 9
300 4 4
200 3241 2314 2421 2241 1
300 3 3
300 4 6
300 2 12
300 1 11
200 2421 2131 2314 2321 1
300 3 5
300 2 15
300 1 13
300 4 7
200 2131 2421 2314 2311 1
300 3 7
300 1 16
300 4 8
300 2 17
200 2314 3241 2241 2131 1
300 1 18
300 3 9
300 2 19
300 4 10
200 2314 2321 3241 2131 1
300 4 10
300 1 21
300 3 11
300 2 22
200 2241 2141 2311 2321 1
300 4 11
300 2 25
300 3 12
300 1 24
200 2131 2314 2421 3241 1
300 4 12
300 2 28
300 3 13
300 1 27
200 2321 3241 2421 2141 1
300 2 31
300 3 14
300 1 29
300 4 14
200 2321 2314 2421 2131 1
300 1 31
300 3 16
300 4 15
300 2 34
501
100 10 3224211141 2323213413 2323213144 2322243114
200 2322243114 3324211141 3224311141 2322213144 1
300 2 19
300 1 16
300 4 11
300 3 14
200 2322243114 3224313141 3324214141 2322213114 1
300 1 20
300 4 16
300 3 20
300 2 24
200 2324243114 4234214141 2322243114 2323213414 1
300 3 23
300 1 24
300 4 22
300 2 31
200 2333213413 3234214141 2322243114 2324243114 1
300 4 26
300 3 29
300 2 37
300 1 28
200 2322213114 2322213414 2322243114 3324211141 1
300 3 33
300 4 29
300 1 33
300 2 45
200 2323413414 2322243114 3234211141 4234214441 1
300 1 37
300 4 37
300 3 37
300 2 49
200 3234234141 2333213413 4234214141 3324214141 1
300 2 52
300 1 42
300 4 43
300 3 43
200 3324211141 2322243114 2323213414 4234214141 0
300 4 43
300 3 43
300 1 42
300 2 52
200 3224211141 3224311141 3324214141 3234211141 1
300 2 55
300 3 46
300 1 51
300 4 48
200 2322213114 3234234141 2333213413 2322213144 1
300 4 49
300 1 56
300 2 63
300 3 52
200 2323213414 3224211141 3324214141 2333213413 1
300 4 54
300 3 60
300 1 60
300 2 66
200 3224311141 2323213413 2322213144 3234211141 1
300 1 67
300 4 56
300 3 65
300 2 72
200 3234211141 2323213144 3224211141 2322243114 0
300 2 72
300 4 56
300 3 65
300 1 67
200 2323213144 2323213413 3234211141 3224311141 1
300 2 76
300 3 72
300 4 59
300 1 73
200 3224211141 3234214141 2322213144 3324214141 1
300 3 74
300 2 82
300 1 80
300 4 64
200 4234214441 3234214141 2333213413 2322213144 1
300 2 88
300 4 69
300 1 85
300 3 78
200 3234211141 3234234141 2323213414 2323213144 1
300 2 93
300 1 90
300 4 73
300 3 84
200 2322243114 3224311141 2322213414 3234211141 1
300 2 99
300 4 77
300 3 88
300 1 96
200 4234214441 3224313141 2323413414 2323213414 1
300 4 84
300 2 103
300 1 100
300 3 93
200 2322243114 2322213414 3324211141 2323413414 1
300 2 109
300 4 89
300 3 98
300 1 104
200 3224211141 3324211141 3224313141 2324243114 0
300 2 109
300 1 104
300 4 89
300 3 98
200 2323413414 2322213114 3234214141 2323213413 1
300 1 103
300 2 109
300 4 88
300 3 100
200 2322243114 2324243114 4234214141 2323213413 1
300 2 116
300 4 93
300 3 104
300 1 107
200 2324243114 2322213414 3224211141 3224311141 1
300 3 107
300 4 98
300 2 122
300 1 113
200 3234211141 3234214141 2323213414 2322213144 1
300 2 127
300 4 103
300 3 112
300 1 118
200 4234214141 2322213114 3224313141 2324243114 1
300 4 108
300 2 133
300 1 124
300 3 115
200 3224313141 2323213413 3234211141 2333213413 1
300 2 138
300 1 131
300 3 123
300 4 108
200 2322213144 3224211141 2333213413 2323413414 1
300 2 145
300 3 128
300 4 110
300 1 137
200 2322213144 2324243114 3324214141 3234214141 1
300 2 151
300 1 142
300 4 116
300 3 131
200 2322213414 2322213144 2322213114 3224313141 1
300 2 159
300 1 146
300 4 119
300 3 136
200 2323213144 2333213413 3224211141 3324211141 1
300 4 122
300 1 152
300 3 143
300 2 163
200 4234214141 2323413414 2322213114 2323213414 1
300 2 169
300 3 147
300 4 127
300 1 157
200 4234214441 3324214141 2324243114 2322213144 1
300 4 135
300 2 175
300 1 161
300 3 149
200 2324243114 3324214141 2322243114 3224313141 1
300 3 153
300 4 140
300 1 166
300 2 181
200 4234214441 4234214141 3224313141 3224311141 0
300 1 166
300 2 181
300 3 153
300 4 140
200 2322213414 2323213144 3224211141 4234214441 1
300 2 186
300 1 169
300 4 148
300 3 157
200 2322213414 3234234141 3234214141 3224313141 1
300 1 175
300 4 152
300 2 192
300 3 161
200 2324243114 3224311141 2323413414 2322213144 1
300 3 165
300 1 180
300 2 198
300 4 157
200 2323213413 2322243114 2323213414 2322213144 1
300 4 160
300 1 182
300 2 206
300 3 172
200 2322213114 3234214141 3234211141 3224211141 1
300 2 211
300 3 175
300 4 164
300 1 190
200 4234214141 2322213114 2324243114 2322213144 1
300 1 195
300 3 177
300 4 169
300 2 219
200 3234211141 3234234141 2323413414 2322243114 1
300 4 175
300 1 199
300 2 223
300 3 183
200 2323213414 2333213413 3324214141 2323213144 1
300 4 178
300 3 191
300 1 203
300 2 228
200 2322213414 3324214141 3234211141 2322213114 1
300 2 235
300 3 194
300 1 210
300 4 181
200 2322213414 3234234141 2322213114 4234214441 1
300 3 196
300 4 186
300 2 243
300 1 215
200 2323213144 4234214141 2323413414 2333213413 1
300 3 202
300 2 248
300 1 220
300 4 190
200 3324214141 3234234141 3234214141 3324211141 1
300 2 251
300 3 206
300 1 227
300 4 196
200 2323413414 3224211141 2322243114 3224311141 1
300 1 235
300 4 199
300 2 258
300 3 208
200 4234214441 3224211141 2324243114 2323213413 1
300 2 262
300 3 213
300 1 238
300 4 207
200 2322243114 2323213144 2322213144 3324211141 1
300 1 243
300 4 210
300 2 270
300 3 217
200 2323213144 2324243114 2322243114 3224313141 1
300 3 222
300 4 214
300 2 277
300 1 247
200 2323213144 2323213413 2333213413 2322213414 1
300 3 230
300 4 214
300 2 285
300 1 251
200 3324211141 3234234141 2323213413 2322243114 1
300 1 255
300 4 218
300 3 237
300 2 290
200 3224211141 2323213413 3234211141 2322213414 1
300 3 242
300 4 221
300 2 296
300 1 261
200 2322213144 2324243114 2322243114 2323213414 1
300 2 305
300 3 246
300 1 264
300 4 225
200 2323413414 2324243114 3224313141 2322243114 1
300 1 268
300 3 251
300 4 230
300 2 311
200 2322213144 2322213414 2324243114 3234214141 1
300 4 236
300 3 255
300 2 318
300 1 271
200 2323213413 4234214141 2333213413 2322243114 1
300 1 276
300 4 238
300 2 325
300 3 261
200 2322243114 2322213114 2322213414 3234211141 1
300 4 242
300 1 280
300 3 266
300 2 332
200 2323213414 3224211141 2324243114 2323413414 1
300 1 283
300 3 272
300 4 249
300 2 336
200 2322213414 2322213144 3234234141 2324243114 1
300 4 255
300 1 285
300 3 277
300 2 343
200 2322213114 3324214141 2322213144 2322213414 1
300 4 258
300 1 290
300 2 352
300 3 280
200 4234214441 2324243114 2322213114 2323213413 1
300 1 290
300 2 355
300 4 257
300 3 278
200 2323213144 3324211141 3234211141 2323413414 1
300 1 296
300 2 358
300 4 262
300 3 284
200 2324243114 2322213414 3224311141 2322213144 1
300 2 365
300 1 300
300 4 267
300 3 288
200 3234234141 2322213114 2333213413 2323213414 1
300 4 268
300 3 295
300 2 372
300 1 305
200 3234234141 3234211141 2323213144 2333213413 1
300 3 302
300 4 270
300 1 311
300 2 377
200 2333213413 2324243114 4234214141 4234214441 1
300 4 277
300 1 316
300 3 305
300 2 382
200 2324243114 2322213114 3224311141 3224211141 1
300 2 387
300 1 322
300 3 309
300 4 282
200 3234214141 4234214141 2324243114 2322243114 1
300 2 393
300 3 311
300 1 327
300 4 289
200 2322213414 3234211141 2322213114 2322243114 1
300 1 332
300 4 292
300 3 315
300 2 401
200 3224211141 3224313141 2322213414 2323213144 1
300 3 321
300 1 336
300 4 297
300 2 406
200 3224211141 2322213414 3234211141 2322243114 1
300 1 342
300 4 301
300 3 324
300 2 413
200 3234214141 2323413414 3324211141 2322213144 1
300 2 418
300 1 348
300 3 328
300 4 306
200 2322213414 2333213413 4234214441 3234214141 1
300 1 353
300 2 424
300 3 332
300 4 311
200 3324211141 3224313141 4234214441 2322213114 1
300 1 356
300 4 310
300 3 329
300 2 425
200 2323213413 2322213414 3234214141 2323413414 1
300 2 432
300 3 334
300 1 361
300 4 313
200 2323213413 2323213144 2322213114 4234214441 1
300 4 317
300 2 439
300 3 339
300 1 365
200 2322213114 3224311141 2322243114 4234214141 1
300 1 371
300 2 445
300 3 342
300 4 322
200 3224211141 3324211141 2322213414 3224311141 1
300 2 444
300 1 373
300 3 341
300 4 322
200 2323213413 3234214141 3234211141 2322213144 1
300 4 326
300 2 449
300 3 347
300 1 378
200 2323213413 2323213144 3234211141 3324214141 1
300 4 330
300 3 354
300 2 453
300 1 383
200 2322213144 4234214441 2322213414 3234211141 1
300 3 357
300 1 387
300 2 459
300 4 337
200 3224311141 4234214441 2322213114 2322243114 1
300 4 343
300 1 392
300 3 360
300 2 465
200 4234214141 3224311141 2322213144 2323213144 1
300 4 345
300 2 464
300 1 391
300 3 360
200 3234214141 3224211141 3234211141 2322213414 1
300 2 468
300 4 351
300 3 364
300 1 397
200 3224311141 4234214141 2322213414 2322243114 1
300 1 403
300 4 356
300 2 475
300 3 366
200 2323213144 3324211141 2322213144 3234211141 1
300 2 480
300 1 409
300 3 371
300 4 360
200 4234214441 3324214141 2323213414 3234211141 1
300 3 374
300 4 367
300 2 484
300 1 415
200 4234214441 3324214141 4234214141 3234214141 1
300 2 487
300 3 375
300 1 421
300 4 377
200 3324214141 2323213144 2323413414 4234214441 1
300 4 374
300 3 368
300 1 416
300 2 482
200 3224211141 2323213414 2323213413 2333213413 1
300 2 489
300 3 375
300 4 374
300 1 422
200 3324211141 3234211141 2323413414 2323213414 1
300 2 492
300 4 379
300 3 381
300 1 428
200 3234211141 2323213414 3324214141 3224313141 1
300 3 386
300 4 383
300 2 496
300 1 435
200 3224313141 2323213414 3324214141 2323213413 1
300 2 501
300 1 440
300 3 393
300 4 386
200 2322213144 2322213114 2322213414 3234211141 1
300 1 445
300 2 509
300 4 389
300 3 397
200 3224211141 2322213414 4234214441 2322213114 1
300 4 395
300 3 399
300 1 450
300 2 516
200 3224311141 2322213114 3234214141 2322213144 1
300 3 402
300 2 523
300 1 457
300 4 398
200 4234214441 4234214141 3324214141 3224311141 1
300 4 408
300 2 525
300 3 404
300 1 463
200 2323413414 3234211141 3234234141 2322213414 1
300 3 410
300 2 529
300 4 414
300 1 467
1001
100 20 42412123414241143442 42411123414231143442 42411133414241143442 13243224132344222313
200 13343224132341222313 42411133414231143142 42412121414241123442 13343223132341212313 1
300 1 32
300 3 24
300 4 35
300 2 29
200 13343224132341222313 13343223132341212313 42411133414231143142 13243224132344222313 1
300 1 41
300 2 40
300 4 40
300 3 39
200 42411123414331143442 42411133414231143142 13243224132344222313 13341223132321212313 1
300 4 48
300 1 53
300 3 50
300 2 49
200 42412124414241123442 13343224132341222313 13341223132321212313 13343223132344222313 1
300 2 63
300 1 61
300 4 53
300 3 63
200 42411133414231143142 13343223132344222313 13343224432341222313 13343224132344222313 1
300 2 75
300 1 68
300 4 59
300 3 78
200 42412124414241143442 42411123414241143442 42411123414331143442 42412121414241123442 1
300 1 79
300 4 82
300 3 78
300 2 81
200 13243224132344222313 13341223132331212313 42412123414241143442 13343223132341222313 1
300 4 87
300 2 94
300 1 87
300 3 92
200 13341223132331212313 42411123414331143442 13343223132341222313 42412123414241143442 0
300 4 87
300 2 94
300 1 87
300 3 92
200 13343223132331212313 42412124414241123442 42411133414231143142 42411123414331143442 1
300 2 101
300 1 100
300 3 100
300 4 99
200 13343224132341222313 42411133414231143442 13341223132331212313 13343223132341222313 1
300 4 103
300 1 109
300 3 118
300 2 110
200 42411123414331143442 42411133414231143442 42412121414241123442 13343223132341222313 1
300 3 124
300 1 122
300 2 119
300 4 115
200 42412121414241123442 13341223132321212313 13343224132341222313 13343223132344222313 1
300 2 131
300 1 129
300 4 121
300 3 139
200 13343224432341222313 42412124414241143442 42411133414231143442 13341223132321212313 1
300 4 134
300 2 139
300 1 137
300 3 150
200 13243224132344222313 42411133414231143442 42411133414241143442 42412124414241123442 1
300 4 150
300 3 153
300 1 148
300 2 149
200 13243224132344222313 42411133414231143442 42412124414241123442 13343223132341222313 1
300 1 156
300 2 161
300 4 161
300 3 162
200 13343223132331212313 42412121414241123442 42412124414241123442 42411123414331143442 1
300 1 169
300 2 172
300 4 173
300 3 166
200 42412121414241123442 13343224132341222313 13243224132344222313 13341223132321212313 1
300 4 180
300 2 185
300 3 179
300 1 176
200 13343224132344222313 42412123414241143442 13343224432341222313 42411123414241143442 1
300 1 183
300 2 196
300 3 187
300 4 194
200 42411123414241143442 13343223132344222313 13343223132331212313 13343223132341212313 1
300 3 204
300 4 198
300 1 192
300 2 206
200 42411123414331143442 42411123414231143442 13343224132344222313 13343224432341222313 1
300 2 215
300 3 215
300 1 200
300 4 210
200 42411123414241143442 42411123414231143442 42411133414231143442 13343223132331212313 1
300 2 221
300 1 213
300 3 223
300 4 223
200 42411123414241143442 42411123414331143442 13343223132341222313 13343223132341212313 1
300 4 232
300 1 224
300 3 235
300 2 229
200 42411123414231143442 42412121414241123442 42412124414241143442 13341223132321212313 1
300 4 248
300 3 239
300 2 238
300 1 235
200 13343224132344222313 42412124414241123442 42411133414241143442 13343223132341222313 1
300 4 260
300 2 249
300 1 243
300 3 248
200 42411133414241143442 42411123414331143442 42411123414241143442 42412123414241143442 1
300 1 257
300 2 255
300 4 280
300 3 248
200 42411133414231143142 13343224132344222313 42412124414241123442 42412121414241123442 1
300 4 295
300 2 266
300 3 251
300 1 268
200 13343224132344222313 13243224132344222313 42411133414241143442 42412124414241143442 1
300 1 276
300 4 309
300 2 278
300 3 257
200 42411133414231143142 42412124414241123442 13343224432341222313 13341223132321212313 1
300 2 290
300 1 288
300 4 317
300 3 265
200 13341223132331212313 42412124414241143442 42411133414241143442 13341223132321212313 1
300 1 300
300 2 298
300 4 327
300 3 275
200 13343223132331212313 13341223132331212313 42411123414331143442 13243224132344222313 1
300 2 308
300 4 330
300 1 310
300 3 292
200 13343223132331212313 42412121414241123442 13343223132341212313 13343223132344222313 1
300 2 320
300 4 333
300 1 319
300 3 308
200 42411123414331143442 13343224432341222313 13343224132341222313 42411123414241143442 1
300 1 329
300 3 317
300 4 344
300 2 330
200 42411133414231143142 13343223132341212313 13343224132341222313 42412121414241123442 1
300 1 341
300 2 340
300 3 327
300 4 352
200 13343223132344222313 42411123414331143442 42411123414241143442 13343223132341212313 1
300 2 348
300 1 351
300 4 362
300 3 339
200 42412121414241123442 13341223132321212313 42411133414231143442 13343224132341222313 1
300 1 364
300 2 360
300 4 369
300 3 347
200 42411133414241143442 42411133414231143142 42412121414241123442 13341223132331212313 1
300 1 377
300 4 383
300 2 365
300 3 355
200 13343223132341212313 42411123414241143442 42411123414331143442 42412123414241143442 1
300 1 390
300 4 397
300 3 360
300 2 373
200 13341223132321212313 13343224132344222313 42411133414231143442 13343223132341222313 1
300 4 401
300 1 399
300 3 376
300 2 384
200 42412124414241143442 13343224132341222313 13343223132344222313 13343223132331212313 1
300 4 407
300 1 406
300 2 396
300 3 391
200 42411123414231143442 13343224132341222313 42412121414241123442 42412123414241143442 1
300 4 422
300 1 417
300 2 407
300 3 394
200 42411133414241143442 13341223132331212313 42411123414331143442 13343224132344222313 1
300 2 415
300 1 429
300 4 431
300 3 405
200 13343223132341222313 42412124414241123442 13343223132344222313 42411133414231143442 1
300 1 436
300 2 425
300 3 417
300 4 442
200 13243224132344222313 42411123414241143442 42411123414331143442 42411133414231143442 1
300 3 423
300 1 447
300 4 458
300 2 432
200 13343223132331212313 13341223132331212313 13343223132341222313 13341223132321212313 1
300 3 446
300 2 443
300 4 454
300 1 457
200 13341223132331212313 42411123414331143442 13343223132344222313 13343224132344222313 1
300 2 452
300 1 464
300 4 460
300 3 464
200 42411133414231143442 13343224132341222313 13343223132344222313 13343223132341222313 1
300 2 464
300 3 480
300 4 464
300 1 472
200 42411133414241143442 42412124414241123442 13243224132344222313 42412121414241123442 1
300 4 480
300 3 480
300 2 477
300 1 483
200 42411133414241143442 13343224132341222313 42411123414331143442 42412123414241143442 1
300 1 495
300 2 485
300 3 485
300 4 495
200 13343223132344222313 13343224132341222313 13343223132341222313 42412123414241143442 1
300 1 501
300 4 501
300 3 500
300 2 498
200 13343224132341222313 13343224432341222313 13341223132331212313 42411133414231143142 1
300 3 515
300 4 504
300 2 509
300 1 512
200 13343223132341212313 42411123414241143442 13341223132321212313 13341223132331212313 1
300 2 508
300 3 521
300 1 514
300 4 497
200 42411133414241143442 42411123414331143442 42411123414231143442 42411133414231143442 1
300 3 525
300 4 516
300 1 528
300 2 511
200 42411123414331143442 42411123414231143442 13341223132321212313 42411123414241143442 1
300 2 516
300 1 540
300 3 533
300 4 531
200 13343224432341222313 42411123414331143442 13341223132321212313 13343223132344222313 1
300 1 540
300 4 524
300 3 537
300 2 519
200 13341223132321212313 13343224432341222313 42411133414231143142 13343223132341222313 1
300 4 527
300 3 553
300 2 530
300 1 550
200 42411133414241143442 13343224132341222313 13341223132331212313 13343223132331212313 1
300 3 571
300 1 560
300 2 538
300 4 531
200 13243224132344222313 42412123414241143442 13343223132341212313 13343223132331212313 1
300 4 526
300 3 576
300 2 540
300 1 558
200 42411133414231143442 13341223132321212313 42411123414231143442 42412123414241143442 1
300 1 571
300 3 582
300 4 539
300 2 548
200 13341223132331212313 13343223132331212313 13243224132344222313 42411133414231143442 1
300 3 599
300 4 542
300 1 581
300 2 558
200 42411123414241143442 42411133414241143442 42412124414241143442 13343223132341212313 1
300 1 593
300 3 603
300 4 559
300 2 565
200 13343224132341222313 13343223132331212313 42411133414231143142 42412124414241123442 1
300 3 614
300 1 604
300 4 567
300 2 575
200 42412124414241143442 13343224432341222313 42411123414241143442 13343223132344222313 1
300 1 612
300 2 587
300 4 580
300 3 621
200 13343224132344222313 42411133414231143442 13341223132331212313 13343223132331212313 1
300 4 582
300 3 638
300 1 623
300 2 597
200 13343223132331212313 42411123414241143442 42412124414241123442 13343223132341222313 1
300 4 591
300 3 648
300 2 608
300 1 633
200 13343224132341222313 13343223132344222313 42411133414231143142 42411133414231143442 1
300 4 599
300 1 644
300 2 617
300 3 660
200 42411123414241143442 13343224432341222313 42411133414231143142 13341223132321212313 1
300 3 670
300 4 608
300 2 626
300 1 656
200 42411133414231143142 42411123414331143442 42411133414241143442 13343223132341212313 1
300 3 679
300 4 621
300 2 630
300 1 670
200 13341223132321212313 13343223132341222313 42412124414241123442 42411123414241143442 1
300 2 642
300 1 681
300 4 630
300 3 687
200 42412123414241143442 42412124414241123442 13343224132341222313 13343223132331212313 1
300 4 640
300 1 690
300 2 654
300 3 696
200 42412121414241123442 42411123414331143442 13343224132341222313 13341223132321212313 1
300 4 650
300 3 707
300 2 663
300 1 700
200 42411133414241143442 13243224132344222313 42411133414231143442 13343224432341222313 1
300 4 662
300 3 716
300 2 673
300 1 709
200 13343223132341222313 42411133414231143442 13343223132344222313 42412124414241123442 1
300 3 728
300 2 683
300 1 716
300 4 673
200 13343224132344222313 13343223132344222313 42412124414241143442 13343224432341222313 1
300 3 741
300 2 696
300 1 720
300 4 683
200 42412121414241123442 42411123414331143442 13243224132344222313 42412123414241143442 1
300 1 728
300 4 701
300 2 705
300 3 746
200 13343223132344222313 13343224132344222313 13343223132331212313 42412124414241123442 1
300 1 735
300 4 706
300 3 760
300 2 719
200 13343223132344222313 42412124414241123442 13343223132341212313 42411133414231143142 1
300 2 729
300 4 715
300 1 745
300 3 771
200 42411133414231143442 42411133414231143142 13343224132341222313 42411123414331143442 1
300 2 735
300 3 779
300 1 759
300 4 727
200 13341223132331212313 13343223132341222313 13343224432341222313 13343223132331212313 1
300 1 766
300 3 802
300 2 746
300 4 726
200 13343223132331212313 42412124414241123442 42411123414331143442 13341223132321212313 1
300 4 732
300 1 779
300 3 812
300 2 757
200 13343224132341222313 13341223132321212313 42411123414241143442 42411133414231143442 1
300 2 766
300 3 822
300 4 741
300 1 791
200 13343223132331212313 42412123414241143442 42411133414241143442 13341223132321212313 1
300 2 776
300 1 804
300 4 748
300 3 832
200 13343224132341222313 42412124414241123442 42411133414231143442 13341223132331212313 1
300 4 758
300 2 785
300 3 843
300 1 814
200 42411123414231143442 42412121414241123442 13341223132331212313 13341223132321212313 1
300 4 755
300 1 817
300 2 785
300 3 843
200 42412124414241143442 42412123414241143442 13343223132331212313 42411133414241143442 1
300 1 828
300 3 848
300 4 771
300 2 793
200 13341223132331212313 42411123414331143442 13343223132344222313 13343224432341222313 1
300 2 793
300 4 766
300 3 855
300 1 826
200 13343223132344222313 42412124414241123442 42411133414241143442 13343223132341212313 1
300 4 766
300 3 854
300 2 794
300 1 826
200 42412121414241123442 42412123414241143442 42412124414241143442 13341223132321212313 1
300 4 781
300 3 855
300 2 806
300 1 838
200 13243224132344222313 13343223132341212313 42412123414241143442 13343224132344222313 1
300 3 868
300 4 789
300 2 819
300 1 844
200 13343223132344222313 42411133414231143442 42412123414241143442 13343224132344222313 1
300 1 852
300 4 800
300 3 878
300 2 830
200 13343223132344222313 13343224132344222313 13341223132321212313 42411123414331143442 1
300 2 830
300 4 796
300 1 849
300 3 885
200 42411123414241143442 42412123414241143442 13343224132344222313 13343223132344222313 1
300 1 856
300 2 841
300 4 809
300 3 894
200 13343224432341222313 42411123414241143442 13243224132344222313 42412124414241143442 1
300 1 864
300 3 899
300 2 854
300 4 823
200 13343224132341222313 42411133414231143142 13343224132344222313 13343223132344222313 1
300 1 871
300 4 829
300 3 915
300 2 865
200 42412123414241143442 13343224132341222313 13243224132344222313 42411133414241143442 1
300 3 922
300 1 880
300 2 877
300 4 841
200 42411123414241143442 13343224132341222313 42412124414241143442 13343223132331212313 1
300 3 931
300 1 890
300 4 852
300 2 887
200 42412124414241143442 42412123414241143442 13343223132341212313 13343224132341222313 1
300 4 864
300 2 898
300 1 899
300 3 939
200 42412124414241123442 42412124414241143442 13343223132331212313 13343224432341222313 1
300 2 910
300 3 947
300 4 876
300 1 907
200 13343224432341222313 13343223132344222313 42411133414231143142 13341223132331212313 1
300 1 915
300 4 881
300 2 919
300 3 965
200 13343224132344222313 13343223132331212313 42411133414231143142 13343223132341212313 1
300 4 884
300 3 983
300 2 928
300 1 925
200 13343224132344222313 42411133414231143442 13343223132341212313 13341223132321212313 1
300 1 936
300 2 939
300 4 887
300 3 998
200 13243224132344222313 13341223132321212313 42411133414231143142 42412124414241123442 1
300 3 1006
300 1 947
300 2 951
300 4 896
200 13343223132331212313 42411123414231143442 13343223132341222313 13343224132341222313 1
300 2 962
300 3 1023
300 4 899
300 1 956
200 42412124414241143442 42411123414331143442 13343224432341222313 13343223132341212313 1
300 2 971
300 3 1033
300 4 911
300 1 965
200 13343223132341222313 13343223132341212313 42412121414241123442 42411123414331143442 1
300 3 1043
300 2 982
300 4 918
300 1 977
200 13343223132341222313 42411133414231143142 13343223132341212313 42412124414241143442 1
300 4 927
300 3 1054
300 1 988
300 2 991
200 42412121414241123442 13341223132331212313 42411133414231143142 13343224132344222313 1
300 1 998
300 4 937
300 2 999
300 3 1066
200 13343224432341222313 42411133414241143442 42412121414241123442 42412124414241143442 1
300 2 1010
300 3 1067
300 4 954
300 1 1009
200 13343224432341222313 42412124414241123442 13343223132331212313 13341223132331212313 1
300 4 958
300 2 1022
300 1 1018
300 3 1082
200 13341223132321212313 42411133414231143442 13343223132331212313 13343224132344222313 1
300 1 1028
300 2 1032
300 3 1099
300 4 961
200 42411133414231143442 13343223132331212313 13343224132341222313 42412123414241143442 1
300 2 1042
300 3 1110
300 4 969
300 1 1039
200 42412121414241123442 13343223132341212313 13343223132331212313 13343224132344222313 1
300 4 975
300 1 1046
300 2 1052
300 3 1127
200 13343223132341222313 13341223132321212313 42412124414241123442 42411133414231143442 1
300 2 1064
300 3 1136
300 1 1058
300 4 982
200 13343223132331212313 13343223132344222313 42412124414241123442 42412121414241123442 1
300 2 1075
300 4 993
300 3 1147
300 1 1065
200 42411123414331143442 13343224132344222313 42411133414241143442 13343224132341222313 1
300 1 1075
300 2 1084
300 3 1157
300 4 1004
200 42412124414241143442 42412124414241123442 42411133414231143142 42412123414241143442 1
300 4 1025
300 2 1093
300 3 1155
300 1 1087
200 42411133414241143442 42412123414241143442 13343223132341222313 13343223132344222313 1
300 2 1094
300 4 1025
300 1 1086
300 3 1155
200 13343223132341222313 13243224132344222313 13343223132331212313 42411123414331143442 1
300 3 1172
300 2 1105
300 1 1094
300 4 1029
200 13343224432341222313 13243224132344222313 42412121414241123442 42411123414231143442 1
300 3 1178
300 2 1119
300 1 1103
300 4 1040
200 42411123414231143442 13343223132341222313 42412124414241143442 42411133414231143142 1
300 4 1054
300 1 1115
300 2 1127
300 3 1184
200 42411123414331143442 13343223132344222313 42412124414241123442 42411133414241143442 1
300 3 1189
300 4 1069
300 1 1126
300 2 1136
200 42412123414241143442 13343224432341222313 13343224132341222313 42412124414241123442 1
300 1 1122
300 4 1073
300 3 1187
300 2 1138
200 13343224132341222313 42412124414241123442 42412123414241143442 42411133414241143442 1
300 4 1091
300 2 1147
300 1 1131
300 3 1191
200 42412124414241123442 13343224132341222313 42411133414231143442 42411123414231143442 1
300 4 1095
300 1 1133
300 3 1185
300 2 1147
200 13243224132344222313 13343224132341222313 42412124414241143442 13343224432341222313 1
300 3 1196
300 1 1138
300 2 1161
300 4 1105
200 42412124414241143442 13341223132331212313 42411123414331143442 13343223132344222313 1
300 2 1171
300 1 1149
300 4 1114
300 3 1206
200 42412124414241123442 13343223132344222313 42411123414331143442 42412124414241143442 1
300 2 1181
300 4 1131
300 1 1158
300 3 1210
200 42411123414331143442 42411133414241143442 42411123414241143442 42411133414231143442 1
300 1 1172
300 4 1151
300 2 1184
300 3 1213
200 13343224132341222313 42412123414241143442 42411133414241143442 42412124414241143442 1
300 4 1169
300 1 1182
300 2 1193
300 3 1216
200 13343223132344222313 13343224132344222313 13343223132341212313 13343224432341222313 1
300 3 1225
300 1 1177
300 2 1197
300 4 1161
200 42411123414231143442 42411123414241143442 42411133414241143442 13341223132331212313 1
300 3 1231
300 4 1175
300 1 1191
300 2 1203
200 13341223132321212313 13343224132341222313 42411123414231143442 42412124414241143442 1
300 4 1185
300 3 1239
300 2 1214
300 1 1202
200 42411133414241143442 13341223132331212313 13243224132344222313 42412124414241123442 1
300 4 1197
300 2 1224
300 3 1248
300 1 1211
200 42412124414241123442 13341223132331212313 42411123414241143442 42411133414241143442 1
300 1 1223
300 3 1253
300 4 1213
300 2 1231
200 42411123414331143442 13343223132331212313 42412123414241143442 13341223132331212313 1
300 3 1267
300 4 1221
300 1 1234
300 2 1238
200 42412124414241123442 13343223132344222313 13343224132341222313 13343223132341222313 1
300 4 1228
300 2 1251
300 3 1282
300 1 1239
200 13343224432341222313 42412124414241143442 42411133414241143442 13343223132341212313 1
300 3 1291
300 4 1241
300 2 1260
300 1 1248
200 13243224132344222313 42411133414241143442 13343224432341222313 42412124414241143442 1
300 4 1255
300 2 1272
300 3 1297
300 1 1256
200 42412124414241143442 42411123414231143442 42411133414231143142 42411133414241143442 1
300 3 1298
300 2 1277
300 1 1270
300 4 1275
200 42412121414241123442 42411133414231143142 13343224432341222313 13343223132344222313 1
300 3 1307
300 1 1280
300 4 1284
300 2 1289
200 42411123414231143442 42412124414241143442 13343223132341222313 13343223132331212313 1
300 4 1283
300 3 1308
300 1 1280
300 2 1289
200 42411123414331143442 13343224432341222313 13343223132341222313 42411123414231143442 1
300 1 1289
300 4 1293
300 3 1320
300 2 1298
200 42412124414241123442 42411123414331143442 13343224432341222313 13341223132321212313 1
300 3 1328
300 2 1310
300 4 1302
300 1 1300
200 42411133414231143142 42411123414241143442 13343223132344222313 42412123414241143442 1
300 2 1319
300 4 1316
300 3 1333
300 1 1312
200 13343223132341212313 42412123414241143442 42411133414241143442 13343223132341222313 1
300 1 1322
300 3 1344
300 2 1328
300 4 1326
200 42412124414241123442 13243224132344222313 42412124414241143442 13343224432341222313 1
300 2 1342
300 4 1341
300 1 1328
300 3 1349
200 13243224132344222313 42412123414241143442 13343223132331212313 13341223132321212313 1
300 4 1345
300 3 1363
300 2 1355
300 1 1337
200 42411133414231143442 13343224132344222313 13343223132331212313 42412124414241123442 1
300 1 1346
300 3 1374
300 4 1355
300 2 1365
200 42412123414241143442 13243224132344222313 13343223132331212313 13341223132331212313 1
300 4 1360
300 2 1376
300 1 1354
300 3 1390
200 42411133414231143442 13343223132344222313 13343223132331212313 42411123414231143442 1
300 4 1367
300 2 1385
300 1 1365
300 3 1403
200 13343223132331212313 42411133414231143442 13343223132344222313 42411123414331143442 1
300 3 1417
300 4 1374
300 1 1376
300 2 1393
200 42411123414241143442 13343224432341222313 13343223132344222313 13341223132331212313 1
300 2 1403
300 4 1381
300 3 1433
300 1 1383
200 13343224132341222313 13343224132344222313 42412124414241143442 13343223132341212313 1
300 2 1416
300 1 1391
300 3 1445
300 4 1388
200 42412124414241143442 42412123414241143442 13341223132321212313 42411123414231143442 1
300 2 1426
300 3 1448
300 4 1403
300 1 1403
200 13243224132344222313 42411123414331143442 42412124414241143442 13341223132321212313 1
300 1 1414
300 3 1455
300 2 1438
300 4 1413
200 13343223132341222313 13341223132321212313 42412123414241143442 42411133414231143142 1
300 4 1420
300 2 1448
300 3 1466
300 1 1426
200 13343223132341222313 13341223132321212313 42411123414241143442 13343223132331212313 1
300 2 1459
300 3 1482
300 4 1422
300 1 1437
200 13343224432341222313 42411123414331143442 13343223132344222313 42412123414241143442 1
300 3 1492
300 2 1470
300 4 1433
300 1 1445
200 42412124414241143442 13341223132321212313 42412121414241123442 42411133414231143142 1
300 1 1457
300 4 1448
300 3 1497
300 2 1478
200 13341223132321212313 13343223132344222313 42411133414241143442 42411123414231143442 1
300 3 1507
300 1 1469
300 2 1488
300 4 1456
200 13341223132321212313 42412121414241123442 42411123414241143442 42411133414241143442 1
300 2 1495
300 3 1512
300 4 1472
300 1 1481
200 13343224132341222313 42412124414241123442 42411133414231143142 42412121414241123442 1
300 1 1491
300 4 1488
300 3 1517
300 2 1504
200 13343223132344222313 13341223132321212313 42412123414241143442 13343224432341222313 1
300 2 1515
300 3 1533
300 1 1496
300 4 1496
200 42411133414231143142 42411133414231143442 42411123414331143442 13343223132344222313 1
300 1 1509
300 4 1508
300 2 1521
300 3 1542
200 13243224132344222313 13343223132344222313 42411123414241143442 42412124414241143442 1
300 4 1522
300 2 1533
300 1 1516
300 3 1549
200 13341223132331212313 42411123414231143442 42411133414231143142 42411123414241143442 1
300 2 1538
300 3 1557
300 4 1535
300 1 1530
200 42411123414331143442 42412124414241123442 13243224132344222313 13343224432341222313 1
300 3 1566
300 2 1549
300 4 1549
300 1 1536
200 13343223132331212313 13343224432341222313 13341223132321212313 42411133414231143142 1
300 3 1583
300 4 1551
300 2 1559
300 1 1547
200 13343224132341222313 42412121414241123442 42412124414241123442 13343223132344222313 1
300 4 1563
300 3 1591
300 2 1572
300 1 1554
200 13341223132331212313 42412123414241143442 13343224432341222313 42412121414241123442 1
300 1 1565
300 2 1585
300 3 1598
300 4 1572
200 13343223132344222313 13341223132331212313 42411123414331143442 42411123414241143442 1
300 3 1611
300 4 1582
300 2 1592
300 1 1575
200 42411133414231143142 42411123414231143442 42412123414241143442 13243224132344222313 1
300 1 1586
300 2 1601
300 3 1616
300 4 1597
200 42411123414331143442 13343224132344222313 42411133414231143442 13343224132341222313 1
300 4 1607
300 3 1627
300 1 1596
300 2 1610
200 13343223132331212313 42412123414241143442 13343223132341222313 42412121414241123442 1
300 1 1606
300 3 1637
300 4 1615
300 2 1622
200 42412121414241123442 42412124414241143442 13343223132341222313 13343224132341222313 1
300 2 1633
300 3 1646
300 4 1628
300 1 1613
200 42412124414241143442 42412124414241123442 42411123414331143442 42411133414231143442 1
300 3 1647
300 1 1624
300 4 1650
300 2 1639
200 42411123414241143442 42411123414231143442 13343223132344222313 42412124414241143442 1
300 4 1657
300 2 1638
300 1 1624
300 3 1641
200 13343224132344222313 13343224432341222313 13343223132331212313 13343223132341212313 1
300 3 1662
300 2 1650
300 4 1658
300 1 1630
200 42412124414241123442 13341223132321212313 42411133414231143442 13343224132344222313 1
300 4 1667
300 1 1641
300 2 1662
300 3 1670
200 42412124414241123442 13343223132331212313 42411123414331143442 42412121414241123442 1
300 4 1680
300 2 1672
300 1 1653
300 3 1675
200 13343223132344222313 42411123414231143442 42412124414241123442 13341223132331212313 1
300 1 1663
300 2 1683
300 4 1689
300 3 1685
200 42412124414241123442 13343224432341222313 42411123414241143442 42412123414241143442 1
300 2 1695
300 1 1673
300 4 1706
300 3 1686
200 42411133414231143142 13343224132344222313 42411123414231143442 13343223132341212313 1
300 3 1687
300 4 1704
300 2 1694
300 1 1675
200 42411133414231143142 42411123414241143442 42412124414241143442 13341223132321212313 1
300 4 1718
300 1 1689
300 3 1691
300 2 1702
200 13343223132341222313 13243224132344222313 42412124414241123442 13341223132331212313 1
300 1 1697
300 3 1704
300 2 1716
300 4 1723
200 13341223132331212313 42412124414241143442 42411133414231143442 42411133414231143142 1
300 4 1737
300 1 1710
300 2 1721
300 3 1712
200 13343224132341222313 13343223132341212313 13343224132344222313 13343223132341222313 1
300 1 1716
300 2 1734
300 4 1738
300 3 1732
200 13343224132341222313 42411133414241143442 42412124414241123442 13343223132341222313 1
300 3 1741
300 2 1745
300 4 1749
300 1 1725
200 13343224432341222313 13341223132321212313 13343224132344222313 13343224132341222313 1
300 3 1758
300 1 1732
300 4 1750
300 2 1760
200 13343224132341222313 13343223132344222313 42411123414231143442 13343223132341212313 1
300 1 1731
300 4 1744
300 2 1762
300 3 1763
200 13343224432341222313 13243224132344222313 42411133414231143142 13343223132341222313 1
300 1 1739
300 3 1777
300 2 1775
300 4 1749
200 13343224132341222313 13341223132321212313 13343223132331212313 42411123414241143442 1
300 2 1786
300 1 1750
300 4 1752
300 3 1792
200 13343223132344222313 13343224132341222313 13243224132344222313 42412124414241123442 1
300 2 1801
300 1 1755
300 4 1760
300 3 1804
200 42412123414241143442 42412121414241123442 13343224432341222313 13343223132344222313 1
300 4 1774
300 2 1812
300 3 1814
300 1 1760
200 13343224132341222313 42411123414231143442 13343223132341222313 13343223132341212313 1
300 4 1778
300 2 1823
300 3 1830
300 1 1769
200 13343224432341222313 42412123414241143442 13243224132344222313 42411123414231143442 1
300 1 1767
300 3 1827
300 4 1780
300 2 1826
200 42412124414241143442 13343223132341212313 42411123414241143442 42412121414241123442 1
300 2 1834
300 3 1831
300 1 1777
300 4 1798
200 42412124414241123442 13341223132321212313 13343223132344222313 13343224132344222313 1
300 2 1849
300 1 1785
300 4 1803
300 3 1843
200 42412124414241123442 13341223132331212313 42411133414231143142 42412121414241123442 1
300 3 1849
300 4 1817
300 1 1797
300 2 1857
200 42411133414241143442 42411133414231143142 13343223132344222313 42412123414241143442 1
300 2 1864
300 3 1856
300 4 1832
300 1 1808
200 42412123414241143442 13343224432341222313 13343223132341212313 42411133414231143442 1
300 2 1865
300 1 1809
300 3 1855
300 4 1831
501
100 6 311411 432214 321112 223224
200 311411 322143 321143 223224 1
300 1 11
300 2 11
300 3 8
300 4 6
200 432414 122214 323143 311411 1
300 4 11
300 3 12
300 1 14
300 2 11
200 223224 323143 432114 422224 1
300 2 18
300 3 14
300 1 14
300 4 14
200 122214 432114 321113 423214 0
300 4 14
300 1 14
300 2 18
300 3 14
200 311113 311111 321413 323143 1
300 4 14
300 3 20
300 2 16
300 1 22
200 322143 222224 311113 311411 1
300 4 15
300 3 23
300 2 19
300 1 27
200 432114 223224 432414 321112 1
300 4 17
300 3 23
300 1 31
300 2 25
200 422224 311111 311411 321112 1
300 2 26
300 4 19
300 3 25
300 1 38
200 321143 412414 322143 422214 1
300 2 30
300 4 23
300 1 41
300 3 26
200 432114 323123 412414 322143 1
300 4 26
300 1 44
300 2 33
300 3 29
200 321113 432214 422224 323123 1
300 3 33
300 4 28
300 2 38
300 1 45
200 323123 321413 422214 323143 1
300 2 42
300 4 29
300 1 47
300 3 38
200 432214 322143 432114 432414 1
300 3 39
300 4 33
300 1 50
300 2 46
200 322143 323123 412414 432414 1
300 2 49
300 1 52
300 3 42
300 4 37
200 223224 412414 321413 222224 1
300 2 56
300 1 52
300 3 43
300 4 41
200 432414 432114 323123 423214 1
300 2 59
300 3 46
300 4 45
300 1 54
200 422224 422214 122214 222224 1
300 2 69
300 4 50
300 1 52
300 3 45
200 321413 321113 422224 311111 1
300 4 51
300 1 58
300 2 71
300 3 48
200 432114 432414 423214 311411 1
300 4 55
300 1 64
300 3 48
300 2 73
200 321113 323143 321112 412414 1
300 3 50
300 2 76
300 1 71
300 4 55
200 311111 311113 432414 321113 1
300 1 82
300 2 76
300 4 54
300 3 52
200 432114 422224 311113 322143 1
300 3 54
300 1 86
300 4 56
300 2 80
200 432114 432214 322143 323143 1
300 1 88
300 4 59
300 2 83
300 3 58
200 321112 432214 323143 311111 0
300 2 83
300 3 58
300 1 88
300 4 59
200 432114 311111 321143 223224 1
300 3 60
300 1 94
300 2 86
300 4 60
200 311111 311411 311113 321143 1
300 1 106
300 4 59
300 3 63
300 2 84
200 432114 422214 223224 311111 1
300 3 64
300 4 62
300 1 110
300 2 88
200 422214 412414 323143 223224 1
300 2 93
300 3 66
300 4 67
300 1 110
200 311111 321112 223224 423214 1
300 3 67
300 2 98
300 4 67
300 1 116
200 311111 321112 321413 311113 1
300 2 98
300 1 127
300 4 65
300 3 70
200 222224 122214 311411 322143 1
300 4 68
300 1 129
300 3 72
300 2 103
200 311411 321143 323123 322143 1
300 4 68
300 3 77
300 1 134
300 2 105
200 321112 432414 323143 422214 0
300 3 77
300 2 105
300 4 68
300 1 134
200 323123 432214 223224 323143 1
300 3 83
300 2 110
300 1 133
300 4 70
200 223224 422214 423214 422224 1
300 3 83
300 4 75
300 2 119
300 1 131
200 223224 432414 422214 321112 1
300 4 77
300 1 134
300 3 82
300 2 127
200 311113 322143 323123 122214 1
300 2 125
300 3 86
300 4 76
300 1 133
200 311111 321112 321413 222224 1
300 2 128
300 3 89
300 4 77
300 1 138
200 311111 422214 412414 322143 1
300 1 144
300 2 131
300 3 89
300 4 80
200 122214 311111 412414 311113 1
300 3 90
300 4 82
300 1 153
300 2 131
200 422214 323143 222224 122214 1
300 1 152
300 4 86
300 2 138
300 3 92
200 321112 412414 422214 323123 1
300 3 93
300 1 156
300 2 143
300 4 88
200 323123 322143 321112 223224 1
300 4 87
300 3 97
300 2 150
300 1 158
200 432214 321112 423214 311113 1
300 1 163
300 3 100
300 4 89
300 2 152
200 323143 311111 223224 422214 0
300 2 152
300 1 163
300 3 100
300 4 89
200 321143 322143 432114 432414 1
300 2 154
300 1 166
300 3 103
300 4 93
200 122214 323143 432114 321413 1
300 2 157
300 4 95
300 1 170
300 3 106
200 422214 321143 321112 122214 1
300 1 173
300 2 161
300 3 108
300 4 98
200 432114 321413 122214 432214 1
300 3 111
300 2 163
300 1 175
300 4 103
200 423214 432414 321112 311113 1
300 1 182
300 2 166
300 4 104
300 3 112
200 321112 422224 223224 323123 1
300 4 104
300 1 183
300 2 175
300 3 114
200 432214 321113 311411 311111 1
300 4 105
300 1 192
300 3 117
300 2 174
200 223224 122214 412414 323143 1
300 2 179
300 4 109
300 1 193
300 3 119
200 422224 321143 423214 321113 1
300 1 195
300 2 183
300 3 122
300 4 112
200 311111 321112 321113 432214 1
300 3 124
300 4 111
300 1 204
300 2 185
200 321113 321413 323123 122214 1
300 2 189
300 1 209
300 3 128
300 4 110
200 412414 432114 321143 122214 1
300 1 209
300 2 187
300 3 127
300 4 113
200 321112 432114 222224 322143 1
300 4 116
300 3 130
300 2 192
300 1 210
200 321113 311113 423214 321112 1
300 4 117
300 2 192
300 3 135
300 1 216
200 323123 321143 423214 432414 1
300 1 218
300 2 195
300 4 120
300 3 139
200 321413 222224 432114 422224 1
300 1 218
300 4 124
300 3 140
300 2 202
200 323123 323143 311411 222224 1
300 2 205
300 3 146
300 4 126
300 1 219
200 423214 321413 311111 321112 1
300 3 148
300 2 207
300 4 126
300 1 227
200 422224 432214 412414 222224 1
300 3 146
300 2 216
300 1 227
300 4 131
200 432414 432214 423214 311111 1
300 1 232
300 4 135
300 2 218
300 3 147
200 321113 311411 311111 321143 1
300 1 242
300 4 135
300 3 151
300 2 216
200 223224 321143 321112 432414 1
300 2 220
300 4 138
300 3 154
300 1 244
200 323123 412414 432214 432414 1
300 1 246
300 3 156
300 4 143
300 2 223
200 311411 322143 432214 323143 1
300 3 160
300 4 145
300 1 250
300 2 225
200 423214 223224 321113 122214 1
300 1 251
300 2 230
300 3 163
300 4 148
200 422224 323123 423214 311113 1
300 1 254
300 4 149
300 2 235
300 3 166
200 321113 222224 321143 322143 1
300 2 241
300 3 169
300 1 257
300 4 149
200 423214 322143 222224 311113 1
300 4 152
300 2 245
300 3 173
300 1 258
200 323123 412414 223224 432214 1
300 3 175
300 1 259
300 2 251
300 4 155
200 422224 412414 432114 432214 1
300 4 161
300 3 174
300 2 256
300 1 261
200 422214 321112 422224 321143 1
300 4 164
300 2 262
300 3 175
300 1 263
200 423214 222224 311113 422214 1
300 4 167
300 3 176
300 2 268
300 1 265
200 311411 423214 223224 321112 1
300 2 272
300 1 269
300 3 178
300 4 169
200 311411 321143 311111 122214 1
300 3 181
300 1 277
300 4 171
300 2 271
200 412414 223224 432214 422224 1
300 3 181
300 2 278
300 4 177
300 1 276
200 422214 423214 311113 432114 1
300 2 281
300 3 182
300 4 180
300 1 281
200 432214 322143 432114 432414 1
300 4 185
300 1 283
300 2 284
300 3 184
200 311411 122214 432214 311113 1
300 3 186
300 2 285
300 1 290
300 4 187
200 412414 321143 422224 423214 1
300 4 193
300 2 289
300 3 187
300 1 291
200 321143 321413 222224 423214 1
300 4 197
300 1 291
300 3 191
300 2 293
200 321113 311411 323143 422224 1
300 1 295
300 3 195
300 2 295
300 4 199
200 322143 422224 432414 321113 1
300 4 201
300 2 301
300 1 298
300 3 196
200 432214 321113 321112 122214 1
300 3 199
300 2 304
300 1 302
300 4 203
200 432414 432114 122214 311111 1
300 2 304
300 3 201
300 4 208
300 1 307
200 311111 311113 432214 311411 1
300 2 302
300 3 204
300 1 317
300 4 209
200 122214 432214 322143 422214 1
300 4 212
300 3 204
300 2 309
300 1 319
200 321112 321143 423214 223224 1
300 1 322
300 2 315
300 4 213
300 3 206
200 423214 321413 422224 222224 1
300 4 217
300 2 323
300 1 321
300 3 207
200 323123 223224 122214 222224 1
300 4 219
300 3 210
300 2 332
300 1 319
200 222224 321113 432214 422224 1
300 3 211
300 1 319
300 2 340
300 4 222
200 422214 122214 423214 311411 1
300 2 344
300 3 211
300 4 226
300 1 323
200 321112 323143 432414 321143 1
300 4 228
300 3 215
300 1 327
300 2 346
200 423214 321143 311411 432214 1
300 3 217
300 4 231
300 2 348
300 1 332
200 432414 222224 412414 322143 1
300 1 333
300 2 354
300 3 217
300 4 236
200 122214 321112 323143 412414 1
300 2 356
300 1 336
300 3 220
300 4 240
